108 115 1000
115 157 1000
157 194 1000
1 46 100
13 46 100
13 67 100
13 89 100
46 74 100
46 79 100
67 79 100
67 89 100
67 111 100
79 93 100
79 111 100
89 128 100
89 140 100
111 153 100
111 163 100
128 140 100
128 185 100
140 153 100
153 163 100
153 185 100
1 46 10
1 58 10
3 22 10
3 23 10
7 42 10
13 14 10
13 23 10
13 52 10
14 15 10
15 29 10
15 41 10
22 23 10
22 34 10
22 65 10
23 67 10
29 41 10
29 42 10
29 55 10
34 46 10
34 63 10
41 52 10
41 87 10
42 72 10
46 58 10
46 78 10
52 67 10
52 86 10
55 89 10
58 74 10
58 77 10
63 65 10
63 79 10
63 100 10
65 67 10
65 82 10
67 82 10
67 102 10
72 105 10
72 107 10
74 94 10
77 78 10
77 94 10
77 124 10
78 79 10
82 100 10
82 140 10
86 87 10
86 102 10
86 116 10
87 105 10
89 105 10
93 94 10
100 111 10
102 127 10
105 107 10
105 108 10
107 161 10
108 116 10
108 135 10
111 124 10
116 127 10
116 142 10
122 123 10
122 144 10
123 124 10
123 144 10
123 165 10
124 153 10
127 133 10
128 135 10
128 142 10
128 161 10
128 187 10
128 199 10
133 140 10
133 157 10
135 161 10
140 154 10
140 156 10
142 157 10
144 163 10
153 154 10
153 180 10
153 184 10
154 156 10
156 157 10
156 184 10
157 185 10
161 199 10
163 176 10
163 191 10
165 180 10
165 191 10
176 190 10
180 184 10
180 190 10
184 185 10
185 187 10
190 191 10
1 8 1
1 9 1
2 10 1
2 20 1
3 4 1
3 11 1
3 12 1
4 13 1
5 15 1
5 16 1
6 7 1
6 29 1
7 17 1
8 18 1
8 19 1
9 19 1
9 20 1
10 11 1
10 21 1
10 34 1
11 22 1
12 23 1
13 14 1
13 23 1
13 24 1
14 15 1
14 25 1
15 16 1
15 26 1
15 28 1
16 28 1
16 29 1
17 29 1
17 30 1
18 31 1
18 43 1
19 32 1
20 33 1
21 33 1
22 23 1
22 34 1
22 35 1
23 37 1
24 37 1
24 38 1
25 38 1
25 39 1
26 27 1
26 39 1
27 28 1
27 40 1
28 41 1
29 41 1
29 42 1
30 42 1
31 43 1
31 44 1
32 33 1
32 44 1
32 45 1
33 46 1
34 47 1
34 48 1
35 36 1
35 48 1
35 65 1
36 37 1
36 49 1
37 50 1
38 50 1
38 51 1
39 51 1
39 52 1
40 41 1
40 52 1
40 53 1
41 54 1
42 56 1
42 72 1
43 57 1
44 58 1
45 46 1
45 58 1
45 59 1
45 60 1
46 47 1
46 61 1
47 62 1
48 62 1
48 63 1
49 50 1
49 66 1
51 52 1
51 67 1
51 68 1
52 69 1
53 54 1
53 69 1
54 55 1
54 70 1
55 71 1
56 91 1
57 58 1
57 73 1
58 59 1
58 74 1
58 75 1
59 75 1
59 76 1
60 61 1
60 76 1
61 62 1
61 76 1
61 78 1
62 79 1
63 64 1
63 79 1
63 80 1
64 65 1
64 81 1
65 66 1
65 82 1
66 67 1
66 82 1
67 68 1
67 84 1
68 69 1
68 85 1
69 86 1
70 71 1
70 87 1
71 72 1
71 89 1
72 90 1
72 91 1
73 74 1
73 92 1
74 75 1
74 92 1
75 94 1
76 77 1
77 78 1
77 95 1
77 96 1
78 79 1
78 97 1
79 98 1
80 99 1
80 100 1
81 82 1
81 100 1
82 101 1
83 101 1
83 102 1
84 85 1
85 103 1
86 103 1
86 104 1
87 88 1
88 89 1
88 117 1
89 105 1
90 91 1
90 105 1
91 105 1
91 107 1
92 93 1
93 94 1
94 95 1
95 122 1
96 97 1
96 109 1
97 98 1
97 109 1
98 99 1
98 110 1
99 110 1
99 112 1
100 101 1
100 112 1
100 113 1
101 114 1
102 103 1
102 115 1
104 116 1
105 106 1
105 108 1
106 107 1
107 119 1
108 117 1
108 119 1
109 110 1
109 124 1
110 111 1
111 112 1
111 124 1
112 125 1
113 114 1
113 125 1
114 115 1
114 126 1
114 131 1
114 132 1
115 126 1
115 127 1
116 117 1
116 118 1
116 127 1
117 129 1
118 129 1
118 134 1
118 142 1
119 136 1
120 121 1
120 144 1
121 122 1
121 145 1
122 123 1
122 146 1
123 124 1
123 137 1
123 148 1
123 149 1
124 130 1
124 138 1
125 131 1
126 127 1
126 140 1
127 133 1
127 134 1
128 142 1
128 143 1
128 160 1
128 172 1
128 188 1
129 135 1
129 142 1
129 143 1
130 131 1
130 139 1
132 140 1
133 140 1
133 141 1
134 141 1
134 142 1
135 136 1
135 143 1
135 161 1
136 162 1
137 147 1
138 150 1
138 152 1
139 140 1
139 153 1
139 154 1
140 154 1
140 156 1
141 142 1
141 158 1
142 143 1
142 158 1
143 160 1
144 145 1
144 177 1
145 146 1
146 147 1
146 163 1
147 164 1
148 149 1
148 164 1
149 150 1
149 165 1
150 151 1
151 152 1
151 165 1
151 166 1
152 153 1
153 154 1
153 166 1
153 167 1
154 155 1
155 156 1
155 167 1
155 168 1
156 157 1
156 169 1
157 158 1
157 170 1
158 159 1
159 170 1
159 172 1
159 186 1
159 198 1
160 161 1
160 173 1
161 174 1
162 175 1
163 177 1
164 178 1
164 179 1
165 179 1
165 180 1
166 181 1
166 183 1
167 168 1
167 183 1
168 184 1
169 184 1
170 185 1
171 173 1
171 175 1
171 199 1
172 187 1
173 174 1
173 188 1
174 175 1
176 177 1
176 189 1
178 189 1
178 191 1
179 191 1
180 181 1
180 193 1
181 182 1
181 193 1
182 183 1
182 195 1
183 196 1
184 185 1
184 196 1
184 197 1
185 186 1
186 198 1
187 188 1
187 198 1
188 199 1
189 190 1
190 191 1
190 192 1
191 192 1
192 194 1
193 194 1
194 195 1
195 197 1
196 197 1
198 199 1